Ben, Skogen, 100, Manager, 123 Orchard Ave, 970-319-8025, bfskogen@mavs.coloradomesa.edu, 40
0, 9999, 9999, 9999, 9999, 9999, 9999, 9999, 9999, 9999,
1440, 9999, 9999, 9999, 9999, 9999, 9999, 9999, 9999, 9999,
1
0, 9999, 9999, 9999, 9999, 9999, 9999, 9999, 9999, 9999,
1440, 9999, 9999, 9999, 9999, 9999, 9999, 9999, 9999, 9999,
1
0, 9999, 9999, 9999, 9999, 9999, 9999, 9999, 9999, 9999,
1440, 9999, 9999, 9999, 9999, 9999, 9999, 9999, 9999, 9999,
1
0, 9999, 9999, 9999, 9999, 9999, 9999, 9999, 9999, 9999,
1440, 9999, 9999, 9999, 9999, 9999, 9999, 9999, 9999, 9999,
1
0, 9999, 9999, 9999, 9999, 9999, 9999, 9999, 9999, 9999,
1440, 9999, 9999, 9999, 9999, 9999, 9999, 9999, 9999, 9999,
1
0, 9999, 9999, 9999, 9999, 9999, 9999, 9999, 9999, 9999,
1440, 9999, 9999, 9999, 9999, 9999, 9999, 9999, 9999, 9999,
1
0, 9999, 9999, 9999, 9999, 9999, 9999, 9999, 9999, 9999,
1440, 9999, 9999, 9999, 9999, 9999, 9999, 9999, 9999, 9999,
1
West, Castro, 101, Manager, 123 Orchard Ave, 970-319-8025, bfskogen@mavs.coloradomesa.edu, 40
0, 9999, 9999, 9999, 9999, 9999, 9999, 9999, 9999, 9999,
1440, 9999, 9999, 9999, 9999, 9999, 9999, 9999, 9999, 9999,
1
0, 9999, 9999, 9999, 9999, 9999, 9999, 9999, 9999, 9999,
1440, 9999, 9999, 9999, 9999, 9999, 9999, 9999, 9999, 9999,
1
0, 9999, 9999, 9999, 9999, 9999, 9999, 9999, 9999, 9999,
1440, 9999, 9999, 9999, 9999, 9999, 9999, 9999, 9999, 9999,
1
0, 9999, 9999, 9999, 9999, 9999, 9999, 9999, 9999, 9999,
1440, 9999, 9999, 9999, 9999, 9999, 9999, 9999, 9999, 9999,
1
0, 9999, 9999, 9999, 9999, 9999, 9999, 9999, 9999, 9999,
1440, 9999, 9999, 9999, 9999, 9999, 9999, 9999, 9999, 9999,
1
0, 9999, 9999, 9999, 9999, 9999, 9999, 9999, 9999, 9999,
1440, 9999, 9999, 9999, 9999, 9999, 9999, 9999, 9999, 9999,
1
0, 9999, 9999, 9999, 9999, 9999, 9999, 9999, 9999, 9999,
1440, 9999, 9999, 9999, 9999, 9999, 9999, 9999, 9999, 9999,
1
Zach, Bellew, 102, Manager, 123 Orchard Ave, 970-319-8025, bfskogen@mavs.coloradomesa.edu, 40
0, 9999, 9999, 9999, 9999, 9999, 9999, 9999, 9999, 9999,
1440, 9999, 9999, 9999, 9999, 9999, 9999, 9999, 9999, 9999,
1
0, 9999, 9999, 9999, 9999, 9999, 9999, 9999, 9999, 9999,
1440, 9999, 9999, 9999, 9999, 9999, 9999, 9999, 9999, 9999,
1
0, 9999, 9999, 9999, 9999, 9999, 9999, 9999, 9999, 9999,
1440, 9999, 9999, 9999, 9999, 9999, 9999, 9999, 9999, 9999,
1
0, 9999, 9999, 9999, 9999, 9999, 9999, 9999, 9999, 9999,
1440, 9999, 9999, 9999, 9999, 9999, 9999, 9999, 9999, 9999,
1
0, 9999, 9999, 9999, 9999, 9999, 9999, 9999, 9999, 9999,
1440, 9999, 9999, 9999, 9999, 9999, 9999, 9999, 9999, 9999,
1
0, 9999, 9999, 9999, 9999, 9999, 9999, 9999, 9999, 9999,
1440, 9999, 9999, 9999, 9999, 9999, 9999, 9999, 9999, 9999,
1
0, 9999, 9999, 9999, 9999, 9999, 9999, 9999, 9999, 9999,
1440, 9999, 9999, 9999, 9999, 9999, 9999, 9999, 9999, 9999,
1
Logan, Skogen, 201, Manager, 123 Orchard Ave, 970-319-8025, bfskogen@mavs.coloradomesa.edu, 40
0, 9999, 9999, 9999, 9999, 9999, 9999, 9999, 9999, 9999,
1440, 9999, 9999, 9999, 9999, 9999, 9999, 9999, 9999, 9999,
1
0, 9999, 9999, 9999, 9999, 9999, 9999, 9999, 9999, 9999,
1440, 9999, 9999, 9999, 9999, 9999, 9999, 9999, 9999, 9999,
1
0, 9999, 9999, 9999, 9999, 9999, 9999, 9999, 9999, 9999,
1440, 9999, 9999, 9999, 9999, 9999, 9999, 9999, 9999, 9999,
1
0, 9999, 9999, 9999, 9999, 9999, 9999, 9999, 9999, 9999,
1440, 9999, 9999, 9999, 9999, 9999, 9999, 9999, 9999, 9999,
1
0, 9999, 9999, 9999, 9999, 9999, 9999, 9999, 9999, 9999,
1440, 9999, 9999, 9999, 9999, 9999, 9999, 9999, 9999, 9999,
1
0, 9999, 9999, 9999, 9999, 9999, 9999, 9999, 9999, 9999,
1440, 9999, 9999, 9999, 9999, 9999, 9999, 9999, 9999, 9999,
1
0, 9999, 9999, 9999, 9999, 9999, 9999, 9999, 9999, 9999,
1440, 9999, 9999, 9999, 9999, 9999, 9999, 9999, 9999, 9999,
1
John, Skogen, 202, Manager, 123 Orchard Ave, 970-319-8025, bfskogen@mavs.coloradomesa.edu, 40
0, 9999, 9999, 9999, 9999, 9999, 9999, 9999, 9999, 9999,
1440, 9999, 9999, 9999, 9999, 9999, 9999, 9999, 9999, 9999,
1
0, 9999, 9999, 9999, 9999, 9999, 9999, 9999, 9999, 9999,
1440, 9999, 9999, 9999, 9999, 9999, 9999, 9999, 9999, 9999,
1
0, 9999, 9999, 9999, 9999, 9999, 9999, 9999, 9999, 9999,
1440, 9999, 9999, 9999, 9999, 9999, 9999, 9999, 9999, 9999,
1
0, 9999, 9999, 9999, 9999, 9999, 9999, 9999, 9999, 9999,
1440, 9999, 9999, 9999, 9999, 9999, 9999, 9999, 9999, 9999,
1
0, 9999, 9999, 9999, 9999, 9999, 9999, 9999, 9999, 9999,
1440, 9999, 9999, 9999, 9999, 9999, 9999, 9999, 9999, 9999,
1
0, 9999, 9999, 9999, 9999, 9999, 9999, 9999, 9999, 9999,
1440, 9999, 9999, 9999, 9999, 9999, 9999, 9999, 9999, 9999,
1
0, 9999, 9999, 9999, 9999, 9999, 9999, 9999, 9999, 9999,
1440, 9999, 9999, 9999, 9999, 9999, 9999, 9999, 9999, 9999,
1